7.8,851
7.9,849
7.9,852
8.0,853
8.0,853
8.1,850
8.1,850
8.2,852
8.2,854
8.3,853
8.3,850
8.4,850
8.4,852
8.5,853
8.5,853
8.6,850
8.6,851
8.7,852
8.7,854
8.8,852
8.8,850
8.9,851
8.9,853
9.0,855
9.0,852
9.1,850
9.1,852
9.2,854
9.2,855
9.3,851
9.3,849
9.4,852
9.4,854
9.5,853
9.5,851
9.6,851
9.6,852
9.7,854
9.7,854
9.8,851
9.8,851
9.9,853
9.9,854
10.0,855
10.0,852
10.1,849
10.1,853
10.2,855
10.2,852
10.3,851
10.3,857
10.4,858
10.4,855
10.5,850
10.5,851
10.6,856
10.6,854
10.7,851
10.7,851
10.8,853
10.8,854
10.9,852
10.9,852
11.0,853
11.0,854
11.1,853
11.1,850
11.2,852
11.2,854
11.3,854
11.3,851
11.4,851
11.4,852
11.5,854
11.5,852
11.6,850
11.6,850
11.7,853
11.7,853
11.8,850
11.8,850
11.9,853
11.9,854
12.0,851
12.0,849
12.1,853
12.1,853
12.2,853
12.2,849
12.3,851
12.3,853
12.4,853
12.4,850
12.5,850
12.5,853
12.6,854
12.6,851
12.7,848
12.7,854
12.8,857
12.9,856
12.9,855
13.0,848
13.0,857
13.1,855
13.1,851
13.2,852
13.2,848
13.3,854
13.3,853
13.4,850
13.4,852
13.5,854
13.5,854
13.6,851
13.6,850
13.7,853
13.7,855
13.8,852
13.8,850
13.9,852
13.9,854
14.0,854
14.0,850
14.1,852
14.1,853
14.2,855
14.2,852
14.3,850
14.3,853
14.4,854
14.4,852
14.5,851
14.5,852
14.6,854
14.6,854
14.7,852
14.7,851
14.8,853
14.8,855
14.9,853
14.9,849
15.0,852
15.0,854
15.1,854
15.1,850
15.2,851
15.2,853
15.3,855
15.3,850
15.4,849
15.4,853
15.5,853
15.5,857
15.6,850
15.6,856
15.7,852
15.7,850
15.8,847
15.8,851
15.9,854
15.9,854
16.0,852
16.0,850
16.1,852
16.1,854
16.2,853
16.2,850
16.3,851
16.3,854
16.4,853
16.4,851
16.5,850
16.5,853
16.6,854
16.6,853
16.7,850
16.7,853
16.8,853
16.8,854
16.9,851
16.9,851
17.0,853
17.0,855
17.1,851
17.1,851
17.2,853
17.2,854
17.3,854
17.3,851
17.4,851
17.4,854
17.5,854
17.5,851
17.6,850
17.6,852
17.7,855
17.7,854
17.8,851
17.8,853
17.9,853
17.9,855
18.0,851
18.0,851
18.1,855
18.1,853
18.2,855
18.2,852
18.3,849
18.3,851
18.4,853
18.4,851
18.5,851
18.5,853
18.6,854
18.6,852
18.7,850
18.7,853
18.8,855
18.8,853
18.9,851
18.9,852
19.0,855
19.0,855
19.1,852
19.1,851
19.2,853
19.2,854
19.3,853
19.3,851
19.4,853
19.4,855
19.5,854
19.5,852
19.6,852
19.6,853
19.7,855
19.7,852
19.8,852
19.8,854
19.9,855
19.9,854
20.0,851
20.0,852
20.1,854
20.1,854
20.2,853
20.2,851
20.3,854
20.3,855
20.4,853
20.4,849
20.5,854
20.5,856
20.6,857
20.6,852
20.7,851
20.7,852
20.8,853
20.8,853
20.9,852
20.9,853
21.0,854
21.0,853
21.1,851
21.1,853
21.2,854
21.2,855
21.3,852
21.3,851
21.4,854
21.4,855
21.5,853
21.5,850
21.6,852
21.6,855
21.7,855
21.7,852
21.8,852
21.8,854
21.9,855
21.9,853
22.0,851
22.0,854
22.1,855
22.1,853
22.2,851
22.2,851
22.3,855
22.3,854
22.4,852
22.4,852
22.5,854
22.5,855
22.6,853
22.6,851
22.7,853
22.7,854
22.8,854
22.8,851
22.9,852
22.9,856
23.0,853
23.0,854
23.1,852
23.1,850
23.2,852
23.2,857
23.3,851
23.3,855
23.4,855
23.4,855
23.5,853
23.5,852
23.6,854
23.6,855
23.7,853
23.7,850
23.8,853
23.8,854
23.9,854
23.9,851
24.0,851
24.0,853
24.1,855
24.1,852
24.2,850
24.2,853
24.3,855
24.3,853
24.4,850
24.4,852
24.5,855
24.5,854
24.6,852
24.6,851
24.7,854
24.7,855
24.8,853
24.8,850
24.9,853
25.0,854
25.0,855
25.1,852
25.1,852
25.2,854
25.2,856
25.3,853
25.3,852
25.4,854
25.4,854
25.5,854
25.5,852
25.6,853
25.6,851
25.7,855
25.7,855
25.8,854
25.8,855
25.9,853
25.9,850
26.0,851
26.0,853
26.1,855
26.1,854
26.2,853
26.2,852
26.3,854
26.3,855
26.4,853
26.4,851
26.5,853
26.5,855
26.6,854
26.6,851
26.7,853
26.7,854
26.8,855
26.8,852
26.9,852
26.9,854
27.0,856
27.0,854
27.1,851
27.1,854
27.2,855
27.2,855
27.3,853
27.3,852
27.4,855
27.4,856
27.5,853
27.5,851
27.6,854
27.6,855
27.7,854
27.7,851
27.8,853
27.8,853
27.9,853
27.9,853
28.0,854
28.0,857
28.1,859
28.1,854
28.2,855
28.2,852
28.3,856
28.3,853
28.4,853
28.4,852
28.5,854
28.5,856
28.6,853
28.6,851
28.7,854
28.7,855
28.8,853
28.8,852
28.9,853
28.9,855
29.0,855
29.0,853
29.1,852
29.1,854
29.2,855
29.2,853
29.3,851
29.3,853
29.4,854
29.4,854
29.5,851
29.5,851
29.6,853
29.6,855
29.7,853
29.7,850
29.8,854
29.8,855
29.9,854
29.9,851
30.0,853
30.0,855
30.1,856
30.1,852
30.2,851
30.2,854
30.3,855
30.3,856
30.4,852
30.4,855
30.5,856
30.5,853
30.6,850
30.6,852
30.7,854
30.7,857
30.8,856
30.8,851
30.9,853
30.9,854
31.0,854
31.0,851
31.1,853
31.1,854
31.2,855
31.2,853
31.3,852
31.3,854
31.4,856
31.4,853
31.5,851
31.5,853
31.6,855
31.6,855
31.7,852
31.7,852
31.8,855
31.8,856
31.9,853
31.9,852
32.0,854
32.0,856
32.1,855
32.1,851
32.2,853
32.2,855
32.3,855
32.3,853
32.4,852
32.4,854
32.5,856
32.5,853
32.6,852
32.6,853
32.7,853
32.7,855
32.8,850
32.8,853
32.9,852
32.9,854
33.0,855
33.0,854
33.1,850
33.1,858
33.2,853
33.2,852
33.3,852
33.3,855
33.4,856
33.4,853
33.5,851
33.5,854
33.6,856
33.6,855
33.7,853
33.7,855
33.8,856
33.8,856
33.9,853
33.9,854
34.0,855
34.0,856
34.1,854
34.1,861
34.2,855
34.2,857
34.3,855
34.3,853
34.4,854
34.4,856
34.5,856
34.5,854
34.6,852
34.6,855
34.7,857
34.7,856
34.8,853
34.8,855
34.9,856
34.9,856
35.0,853
35.0,854
35.1,856
35.1,857
35.2,852
35.2,854
35.3,853
35.3,859
35.4,856
35.4,852
35.5,857
35.5,852
35.6,853
35.6,852
35.7,854
35.7,855
35.8,857
35.8,855
35.9,854
35.9,855
36.0,856
36.0,857
36.1,854
36.1,854
36.2,856
36.2,857
36.3,854
36.3,852
36.4,856
36.4,857
36.5,856
36.5,853
36.6,855
36.7,856
36.7,857
36.7,854
36.8,854
36.9,856
36.9,857
37.0,855
37.0,854
37.1,854
37.1,856
37.2,857
37.2,854
37.3,854
37.3,857
37.4,857
37.4,855
37.5,852
37.5,855
37.6,854
37.6,857
37.7,853
37.7,856
37.8,857
37.8,858
37.9,859
37.9,856
38.0,856
38.0,858
38.1,855
38.1,853
38.2,855
38.2,857
38.3,857
38.3,853
38.4,854
38.4,855
38.5,857
38.5,855
38.6,854
38.6,856
38.7,857
38.7,856
38.8,854
38.8,854
38.9,857
38.9,857
39.0,855
39.0,853
39.1,856
39.1,858
39.2,856
39.2,854
39.3,856
39.3,857
39.4,857
39.4,854
39.5,855
39.5,856
39.6,858
39.6,855
39.7,853
39.7,856
39.8,856
39.8,856
39.9,854
39.9,855
40.0,857
40.0,858
40.1,856
40.1,855
40.2,859
40.2,860
40.3,855
